4
4
4
5
5
2
2
5
6
5
17
17
18
24
24
25
26
26
29
30
30
30
30
30
30
28
30
29
34
36
36
36
36
36
36
34
34
33
34
34
33
26
26
24
25
27
27
27
29
31
26
30
29
26
29
29
26
26
26
25
25
24
24
23
23
23
23
24
22
24
24
23
25
25
32
21
27
28
26
26
26
29
29
29
29
29
29
28
28
27
27
27
27
27
29
29
29
29
29
28
31
30
30
30
17
19
18
17
16
16
16
16
11
12
11
11
8
4
1
4
3
4
6
5
7
10
13
16
24
24
24
24
24
23
24
24
24
23
26
26
26
25
27
28
28
28
28
29
31
29
26
28
28
28
24
24
23
20
21
21
19
18
19
19
23
23
23
18
20
22
18
16
16
16
16
13
14
14
14
14
14
7
8
6
4
21
21
22
22
22
22
22
22
22
22
22
22
22
22
22
22
22
22
22
22
21
20
22
2
3
1
3
3
7
7
17
17
19
20
19
20
20
22
26
26
26
26
26
27
29
29
29
29
28
27
26
24
32
31
32
32
32
27
26
29
27
27
21
24
24
24
24
24
24
24
22
18
19
19
15
16
17
9
13
10
9
8
8
9
10
10
7
6
6
3
2
1
5
10
18
24
24
23
23
23
23
23
23
22
22
22
22
22
23
23
23
22
22
23
23
23
23
10
8
4
6
7
12
13
14
13
19
21
21
21
21
21
20
20
19
20
23
23
23
23
26
26
25
25
17
18
18
17
18
18
14
16
16
11
10
10
13
14
17
17
19
19
20
20
22
21
21
21
21
20
20
20
19
18
18
16
17
15
17
5
4
4
2
3
6
6
6
5
5
5
6
8
8
8
10
10
10
9
12
9
13
10
12
12
13
16
16
16
16
16
19
17
17
19
18
18
18
15
17
16
16
16
13
14
10
24
24
19
23
39
56
59
59
59
59
60
62
62
62
62
62
62
65
64
67
68
68
68
67
87
87
87
87
87
87
87
87
87
87
87
87
87
87
87
87
86
125
125
125
125
125
125
125
125
125
125
125
125
125
125
125
125
124
134
134
130
142
151
145
152
152
151
151
150
151
153
153
149
150
150
150
150
150
150
150
150
150
150
150
150
150
150
150
150
150
150
150
133
135
135
135
135
135
135
135
135
135
135
135
135
135
135
135
135
135
135
135
135
135
135
135
135
135
135
135
135
135
135
135
135
135
135
135
135
135
135
118
119
119
119
119
119
119
119
119
119
116
116
116
116
116
116
116
116
116
116
116
116
116
115
115
115
115
115
115
115
115
115
113
114
114
114
114
114
114
109
108
109
109
108
88
88
49
20
12
12
11
7
12
12
10
13
21
22
25
29
26
26
26
28
28
32
31
31
31
33
33
33
34
34
33
34
35
35
34
35
35
35
31
33
31
31
31
31
27
30
27
24
26
25
25
23
29
23
34
34
31
34
32
32
32
31
31
30
31
31
31
31
31
29
31
31
32
32
33
33
33
33
33
33
30
32
33
26
20
23
24
23
16
16
15
15
19
19
18
20
20
19
16
19
19
18
21
22
22
19
19
16
15
17
17
14
15
15
14
8
9
6
2
5
24
31
31
31
33
32
41
51
51
51
51
51
51
52
52
52
52
52
53
53
53
53
53
53
52
54
54
54
54
54
54
51
52
50
51
54
54
55
55
56
57
57
56
58
58
58
58
58
59
59
59
59
53
50
44
46
39
38
38
38
38
36
35
34
32
32
27
25
26
25
26
27
28
29
25
23
22
25
25
24
23
23
22
23
23
23
22
22
19
20
20
21
22
19
17
20
14
19
18
18
20
20
20
20
18
18
19
20
20
20
18
17
17
17
17
16
11
11
1
3
3
3
4
1
4
7
8
10
10
9
29
30
29
37
37
36
37
37
37
39
39
39
39
39
39
39
39
39
39
39
39
39
39
39
40
40
39
41
41
41
41
41
43
43
43
41
43
42
39
39
24
27
26
28
28
23
27
23
23
18
20
20
20
18
18
18
15
17
17
17
18
21
15
17
17
17
17
17
17
16
16
16
16
15
19
19
19
19
11
11
13
13
13
12
11
11
10
10
6
8
8
4
5
4
4
7
6
5
9
9
9
11
22
22
22
19
23
23
23
25
24
25
25
25
28
38
46
55
55
55
55
51
55
55
55
52
56
56
53
54
54
53
53
53
53
53
55
55
55
55
55
54
54
54
54
54
54
54
54
53
57
57
57
57
57
57
57
57
52
55
62
62
58
63
63
63
62
64
62
56
58
44
44
44
44
35
35
35
34
35
35
35
35
35
35
32
35
35
35
35
31
33
31
31
31
22
21
22
22
17
17
15
12
13
13
13
13
13
12
6
4
8
8
9
9
8
8
8
8
6
3
4
4
13
20
20
20
20
20
20
20
20
20
20
19
20
20
20
20
20
20
20
19
21
15
18
21
20
22
22
22
21
21
21
21
23
23
23
23
23
24
30
29
29
29
27
28
21
22
17
17
17
17
17
17
17
12
14
16
9
14
14
16
15
16
18
18
19
20
21
22
22
20
20
18
19
19
17
17
17
16
17
16
11
11
8
9
5
10
10
9
8
8
8
8
8
5
9
9
9
11
11
15
15
15
15
15
12
14
13
13
15
15
9
9
10
8
10
6
8
6
9
7
12
10
11
11
10
10
10
10
10
8
6
3
3
3
3
1
7
8
11
11
11
11
11
10
11
10
12
12
9
15
17
15
17
17
16
16
17
17
17
17
17
18
17
20
20
22
18
15
13
15
15
17
18
17
20
18
19
17
19
17
22
22
21
19
22
23
21
21
22
20
20
20
20
20
17
21
21
20
18
18
17
12
13
14
17
17
11
11
11
10
10
11
11
8
5
11
7
8
8
8
8
8
8
6
8
15
16
21
24
24
24
24
31
30
30
32
32
32
36
36
42
41
42
42
42
42
41
42
42
38
39
39
41
41
41
41
40
43
40
41
41
41
39
42
42
42
42
42
42
40
39
40
38
38
34
37
36
38
39
37
33
34
34
27
29
29
30
29
32
32
32
28
29
29
27
27
26
23
22
25
23
23
25
25
21
20
23
22
23
23
21
22
21
21
18
18
18
18
18
18
18
18
16
13
5
2
6
7
6
6
6
6
5
6
13
19
19
24
24
25
25
26
26
26
26
26
27
26
29
29
30
30
30
30
30
30
30
30
30
38
37
33
35
35
35
33
30
34
29
33
32
32
32
32
32
32
32
33
33
31
36
37
38
38
33
39
39
39
37
40
41
41
33
31
31
31
31
31
31
34
35
32
32
32
32
32
34
30
34
34
33
32
27
30
30
30
29
29
23
29
27
27
27
27
24
25
24
23
25
25
19
26
26
26
27
29
23
24
24
21
23
23
24
24
26
26
23
23
24
22
22
22
22
19
20
18
16
16
13
12
6
12
12
12
12
12
16
16
21
21
21
22
22
29
25
26
26
30
29
29
29
29
29
26
25
26
27
27
27
27
27
26
27
26
26
26
26
25
19
19
21
15
16
15
10
13
14
15
13
15
15
17
17
17
17
16
15
15
15
15
14
13
16
13
11
5
9
9
5
7
7
7
4
4
8
9
11
11
11
11
12
14
16
15
15
15
11
12
12
13
15
13
11
19
21
27
26
27
26
26
27
29
29
29
30
30
30
29
30
30
30
29
29
29
29
29
30
28
27
26
27
27
28
25
22
15
14
15
16
15
13
12
11
13
13
12
12
13
8
9
6
5
3
19
19
19
19
21
21
21
21
22
22
24
25
25
25
25
26
26
26
26
40
37
39
35
36
39
38
34
31
35
35
35
35
35
35
35
35
36
36
36
36
36
35
34
35
33
33
33
32
34
34
31
30
30
30
30
22
15
10
11
1
4
7
9
9
9
8
8
8
7
7
11
11
11
11
11
11
11
11
11
11
12
12
2
7
9
13
15
15
15
15
16
16
18
21
22
22
25
24
27
24
25
28
28
27
27
27
27
26
24
24
24
22
22
22
21
20
22
21
23
23
23
8
17
15
15
11
15
15
17
17
18
18
19
20
16
17
17
17
16
16
14
12
12
10
9
5
4
4
3
2
1
3
4
4
9
10
12
13
13
13
15
14
18
17
19
19
19
18
16
16
14
14
14
14
12
13
9
3
7
7
9
10
10
13
13
12
11
12
11
12
13
13
9
8
12
12
11
8
9
9
10
10
6
7
5
2
1
2
1
4
19
22
22
26
25
26
26
26
26
27
27
27
27
27
27
27
27
27
27
26
26
26
24
25
25
25
23
21
7
11
13
11
12
14
14
14
14
14
15
14
15
13
13
13
8
9
10
7
13
13
12
12
12
10
16
16
16
16
16
11
13
13
14
14
15
10
9
10
9
7
4
5
2
4
2
8
10
11
11
11
11
11
10
12
12
15
14
11
13
11
16
16
14
19
19
18
19
17
18
18
18
18
15
16
18
18
18
15
13
8
8
8
2
1
5
5
7
7
8
7
6
8
7
6
7
6
6
6
5
4
1
9
13
15
15
15
15
15
18
19
19
18
21
21
21
23
29
24
31
31
30
30
41
41
38
44
44
43
47
52
52
52
52
50
50
50
50
50
51
51
48
52
52
51
53
53
55
58
58
58
58
58
58
58
55
55
55
55
55
55
52
53
53
53
52
53
54
54
54
45
43
43
43
44
41
42
40
41
40
40
40
26
28
28
24
25
25
23
18
18
18
18
18
18
17
17
19
20
20
19
20
11
15
14
14
13
10
9
12
12
13
8
10
11
11
11
10
10
10
9
8
11
10
9
11
19
19
19
20
20
20
25
33
32
32
33
33
33
42
57
57
55
61
60
68
73
80
82
82
82
89
94
94
94
94
102
102
105
102
108
109
109
109
109
109
109
109
109
108
113
113
113
113
113
113
113
113
113
113
113
113
113
113
110
115
115
115
115
115
113
117
117
117
117
117
117
117
117
117
116
119
119
119
119
119
118
118
118
118
118
118
118
117
117
114
114
114
114
114
114
114
114
113
113
113
113
113
109
109
109
109
109
109
109
109
107
107
107
105
105
105
105
105
105
105
105
105
104
95
95
95
95
95
80
80
80
80
80
74
74
74
74
64
65
65
2
1
1
16
16
16
17
17
17
18
18
18
18
18
18
18
18
18
18
18
15
30
21
23
23
23
23
23
23
23
23
23
23
23
23
23
23
23
23
23
22
22
22
21
21
15
15
15
15
15
15
15
15
15
15
15
15
15
16
16
17
4
4
2
2
2
2
2
22
25
27
27
27
27
27
27
27
27
27
27
27
27
27
27
27
27
27
27
27
27
27
26
26
26
25
25
1
4
3
3
3
10
10
10
10
10
10
10
10
10
10
10
3
3
3
3
7
7
7
7
7
7
7
7
14
14
14
14
14
14
14
14
14
14
14
14
14
14
14
4
4
4
4
4
9
9
9
9
9
11
12
12
12
12
7
7
6
1
16
15
15
15
15
15
15
15
15
15
15
15
16
16
17
17
7
15
13
14
13
17
17
18
18
20
21
21
21
25
23
22
23
23
23
21
20
20
19
16
17
17
17
15
21
19
17
17
17
17
17
17
19
19
18
18
17
18
17
17
17
17
12
12
7
1
4
3
3
3
11
12
13
13
13
13
13
15
16
17
18
18
19
20
24
26
25
24
23
23
24
23
24
23
25
25
25
25
26
26
26
26
25
28
28
34
33
31
29
30
26
22
23
25
24
25
25
25
24
24
24
24
24
26
22
24
23
24
26
24
21
22
20
21
22
22
20
20
19
20
18
18
18
18
18
17
17
17
12
7
8
7
5
6
5
2
9
12
12
12
19
21
21
21
21
21
20
24
27
24
31
31
31
31
33
33
34
37
31
31
31
31
30
31
31
29
32
38
38
39
39
40
36
39
37
37
36
37
38
32
35
37
37
36
37
37
37
37
37
35
35
34
35
37
33
33
32
32
32
32
33
33
32
32
29
23
23
22
23
23
23
21
20
17
10
11
10
6
9
8
10
19
19
20
19
22
25
25
25
24
26
26
26
26
26
26
26
26
24
23
23
23
23
22
22
22
18
19
9
3
4
5
5
5
4
6
3
11
10
12
13
16
19
19
23
25
25
23
27
27
26
28
35
35
35
39
39
37
42
42
42
41
43
40
40
40
40
37
38
38
37
38
38
38
38
38
38
36
40
40
40
40
37
37
38
38
38
34
37
31
31
25
26
26
26
28
22
24
26
26
24
25
25
24
26
26
27
25
25
25
25
29
29
28
29
26
25
31
35
34
35
39
38
34
36
36
36
33
32
32
31
34
34
35
35
35
34
34
34
34
32
31
32
32
32
30
29
29
25
22
22
22
20
12
1
17
26
29
29
29
29
29
44
44
51
51
51
51
51
57
57
59
61
60
70
73
73
76
76
76
76
76
75
76
76
71
83
83
83
83
83
83
83
83
83
83
83
83
83
83
81
83
83
83
83
83
83
78
80
80
80
80
80
78
78
77
80
78
81
81
92
92
92
100
100
100
100
99
101
101
99
102
102
96
99
102
102
102
102
102
102
104
104
104
118
118
103
110
103
103
95
103
103
101
103
103
101
103
103
103
103
105
105
105
105
105
105
102
103
103
103
103
103
103
103
98
99
96
98
98
95
100
100
100
100
100
99
100
100
94
96
93
93
93
93
93
93
93
93
93
93
93
93
93
93
90
92
92
92
92
92
92
88
91
91
91
91
93
93
93
90
93
90
95
91
95
88
81
79
79
76
77
77
77
77
71
69
69
53
54
47
49
52
48
49
45
48
48
46
46
46
46
46
44
45
45
45
43
40
40
41
47
48
47
50
50
48
49
50
50
42
41
42
42
43
44
44
43
45
45
45
44
45
46
46
46
46
47
47
46
45
47
47
44
46
46
45
42
44
44
43
44
42
44
42
42
38
37
33
30
30
30
27
28
24
28
25
25
25
25
24
19
19
18
18
18
18
16
18
14
19
19
19
18
14
16
14
14
14
14
14
14
10
18
23
17
21
21
26
28
31
31
31
33
32
37
37
37
39
38
40
39
41
41
43
41
43
43
44
44
43
45
44
46
46
43
46
44
44
44
44
44
41
43
41
43
41
42
40
42
40
45
43
43
43
41
43
40
42
42
35
37
35
37
35
33
33
31
31
31
31
31
29
30
30
27
27
25
26
23
29
27
28
18
20
29
29
29
29
29
29
27
26
27
27
28
28
28
28
27
27
27
28
28
28
28
28
28
28
28
21
21
21
14
6
10
10
8
9
14
14
14
14
11
11
10
10
10
10
10
4
5
5
5
7
9
7
9
13
13
15
14
13
17
16
16
16
16
16
14
20
17
18
18
21
14
16
18
18
18
18
16
16
16
16
14
19
18
21
16
18
14
17
17
17
17
16
17
17
15
16
16
19
19
15
18
17
16
17
16
19
21
19
20
20
20
19
19
17
22
23
23
26
27
26
25
20
21
21
21
21
21
21
20
18
18
18
18
17
14
13
6
8
18
21
22
25
31
33
34
33
38
38
38
38
38
39
42
42
42
41
45
45
44
47
48
48
47
48
48
48
48
48
47
48
48
47
47
47
47
47
47
42
43
43
43
39
39
39
43
40
41
41
43
42
41
36
34
34
28
30
24
28
28
28
26
27
28
26
26
26
25
25
30
28
28
28
30
26
28
28
27
25
23
26
26
25
29
29
29
29
25
29
27
28
25
24
25
25
23
23
23
23
18
28
28
28
26
25
25
24
19
22
22
22
22
22
22
22
22
22
18
18
17
16
17
17
7
5
12
16
21
21
21
21
21
21
21
20
22
22
22
23
23
24
24
23
28
28
35
40
32
39
36
34
32
35
38
38
41
41
45
45
46
46
46
48
47
49
49
49
49
47
52
59
59
62
62
62
59
65
71
71
70
76
76
74
77
77
76
78
77
79
79
79
80
77
80
78
81
76
79
79
79
79
78
81
81
81
81
81
81
79
79
79
75
77
77
80
80
80
85
84
85
85
85
85
85
82
83
83
83
83
83
80
82
82
79
81
79
81
78
79
79
77
79
79
77
77
77
75
76
76
71
71
71
61
61
59
60
60
57
59
59
59
59
57
52
49
50
47
48
46
46
44
46
47
41
37
41
42
37
38
38
38
37
38
40
43
43
43
43
42
43
49
49
49
48
49
49
50
50
50
51
50
50
53
49
53
53
52
52
52
52
52
52
51
53
54
49
50
50
49
51
51
51
51
51
47
45
43
42
44
43
47
47
45
45
45
45
36
37
36
34
32
33
26
25
24
24
22
22
22
22
15
18
17
7
11
11
11
11
12
9
11
11
11
7
10
11
9
35
36
36
37
36
36
38
37
37
42
43
45
45
45
45
45
45
45
45
45
45
45
45
45
45
45
45
45
45
45
45
45
45
48
51
53
54
56
58
61
66
66
68
67
74
75
53
60
60
60
59
65
65
65
65
64
64
64
64
63
66
73
73
72
72
72
72
72
71
75
75
75
79
79
79
79
77
79
77
77
77
77
77
77
77
77
76
76
76
76
76
76
76
76
72
76
76
76
76
76
67
69
69
68
68
68
68
68
68
68
68
60
63
63
63
61
60
61
61
61
56
58
48
52
44
51
51
51
45
45
34
35
35
30
27
27
25
25
25
27
25
26
26
26
42
44
44
38
36
33
46
44
41
43
43
43
43
43
43
43
43
43
43
43
43
43
43
43
42
42
39
38
40
39
42
42
45
45
45
45
45
45
45
45
45
45
42
44
25
26
24
24
24
22
22
22
11
11
10
3
7
10
9
11
11
11
14
13
14
14
13
21
19
28
28
26
26
27
27
27
27
27
27
27
27
26
31
37
40
40
40
41
43
44
44
41
42
41
41
32
33
34
34
36
36
35
36
38
38
38
38
37
39
39
36
37
38
37
36
33
35
34
36
33
32
32
27
29
26
27
26
26
26
25
24
25
27
26
25
25
20
21
19
18
19
15
16
18
13
12
14
12
13
13
14
12
12
14
14
13
12
11
9
9
9
7
3
1
1
3
9
25
27
27
30
30
30
30
30
30
31
31
31
31
31
31
31
31
36
36
40
40
42
42
43
42
42
41
44
48
48
43
43
41
43
43
43
43
41
45
45
45
43
46
44
41
43
43
43
42
43
43
44
41
43
44
44
44
44
44
43
43
38
38
38
38
34
35
35
33
32
33
29
28
27
27
27
26
16
12
10
9
6
8
4
9
13
11
12
13
15
15
15
14
15
15
15
13
12
11
11
7
19
19
19
19
20
20
20
20
20
20
20
20
24
24
27
27
28
29
29
29
25
19
20
20
20
18
21
21
19
18
17
22
21
19
22
22
18
19
19
18
18
18
18
18
16
19
18
18
18
16
9
10
10
6
6
7
5
13
13
12
11
14
14
14
14
14
14
14
14
10
11
11
2
2
3
3
2
3
5
5
5
4
15
16
21
21
21
21
21
22
22
24
24
24
23
27
27
28
28
27
29
29
32
32
32
33
36
32
34
34
34
32
30
30
28
28
30
28
29
29
29
29
29
29
29
28
28
28
26
26
22
18
20
18
14
5
12
10
13
14
15
15
15
17
18
18
17
19
19
19
18
17
14
14
13
12
10
10
14
17
20
20
20
21
21
21
28
28
28
28
29
32
32
31
33
33
32
32
32
29
30
31
31
31
34
34
37
33
34
34
34
31
34
31
35
35
36
40
38
39
39
37
40
40
38
39
35
39
39
38
39
39
38
38
38
38
36
36
37
37
37
37
36
36
33
36
36
33
31
31
31
31
28
22
27
22
20
20
20
12
16
16
20
21
21
21
15
17
19
19
19
17
18
18
18
17
13
14
14
17
13
11
11
10
10
10
8
8
8
7
1
15
16
34
37
37
37
38
38
38
38
38
38
38
39
39
38
39
38
40
40
40
40
40
40
40
40
41
41
41
41
46
46
47
47
47
46
49
49
46
40
47
46
49
41
38
44
44
44
44
42
38
40
40
37
37
38
38
38
40
40
40
41
41
41
40
41
44
44
42
43
47
47
47
47
47
41
45
42
49
49
51
48
46
46
45
46
46
43
44
44
45
45
45
39
39
39
39
37
37
37
37
38
38
38
38
37
38
38
37
37
36
37
36
35
34
33
23
20
17
18
19
19
18
18
15
17
17
16
17
17
16
16
11
14
14
11
13
8
8
9
6
7
4
6
4
4
6
6
4
13
11
21
23
23
24
24
24
24
29
31
33
36
36
36
36
39
39
39
41
41
42
43
46
44
43
46
46
46
46
45
47
46
46
46
46
45
46
46
42
43
43
40
42
40
41
43
42
45
45
43
44
44
43
44
44
39
39
33
37
35
36
34
34
33
34
32
32
32
29
26
21
22
22
22
22
22
22
23
23
19
15
10
16
15
13
13
15
14
13
14
14
14
14
14
10
11
8
4
3
4
3
4
2
3
3
5
9
17
19
19
22
22
26
26
26
30
30
30
30
30
30
30
30
29
30
28
33
33
34
32
34
34
34
32
32
32
32
34
25
29
29
29
29
29
27
26
27
23
21
22
20
22
22
25
25
25
19
19
18
20
20
26
24
26
26
22
21
21
22
22
21
23
22
24
24
24
24
24
24
25
21
22
20
20
18
18
13
14
13
13
13
12
10
11
11
8
8
8
7
8
8
2
1
11
15
17
21
21
21
21
22
22
22
23
23
23
23
23
23
22
22
21
24
24
24
20
17
16
8
10
10
3
5
4
6
9
9
8
12
11
11
12
12
9
11
11
11
8
5
6
3
4
5
4
4
3
6
10
10
11
11
16
20
19
22
22
22
23
24
25
25
25
25
24
25
25
25
23
24
26
23
25
25
24
26
27
26
21
18
19
20
18
18
15
15
14
11
11
11
10
3
4
5
7
7
7
6
6
6
2
2
8
9
9
9
9
9
9
9
8
7
9
12
16
18
18
18
18
18
18
18
17
17
17
16
16
18
18
17
18
6
13
10
9
10
10
10
12
12
12
10
9
6
7
1
4
5
6
6
6
7
7
5
6
5
4
3
1
1
12
12
12
14
14
14
14
14
14
16
16
16
16
13
14
8
14
9
14
22
28
28
28
28
26
30
30
30
30
30
30
29
30
31
31
32
32
33
33
32
32
32
32
32
32
27
27
30
30
26
27
25
25
15
20
20
18
18
18
17
18
16
18
16
18
18
18
18
12
12
12
10
11
6
11
8
6
7
8
9
10
7
7
6
5
3
8
11
21
24
24
24
24
24
24
23
25
29
32
32
32
32
32
32
32
32
32
32
33
33
34
27
29
28
29
29
29
28
30
30
30
20
21
19
21
23
21
17
17
13
11
11
12
12
12
13
6
10
9
7
8
8
8
8
8
8
9
21
21
20
22
22
22
23
23
22
22
22
22
22
22
22
22
22
22
22
22
19
19
16
6
7
7
7
7
7
7
6
3
9
17
19
18
21
27
30
30
30
29
32
32
32
32
32
32
32
31
31
29
29
29
28
29
29
29
30
31
31
32
32
28
30
30
17
15
15
14
13
11
11
8
13
15
14
16
16
16
18
19
18
20
21
21
21
20
21
20
22
19
23
22
20
20
19
15
14
15
13
13
13
13
7
6
1
6
5
7
7
7
7
5
7
5
5
5
10
13
15
20
23
23
23
23
22
22
23
22
27
27
27
26
26
27
27
27
32
31
32
32
26
26
26
26
26
26
21
20
20
20
21
21
19
21
22
17
23
20
18
19
19
19
19
18
19
18
18
18
18
18
18
17
21
18
19
12
12
12
13
13
14
13
13
12
11
12
11
7
8
8
8
7
6
6
3
2
7
8
11
14
14
14
14
13
18
17
20
25
24
24
24
21
23
23
23
23
21
22
26
25
25
25
25
25
21
24
23
23
19
19
20
20
25
18
25
26
23
26
26
25
26
26
26
26
24
25
25
25
25
25
25
24
22
24
24
24
24
23
22
17
9
9
6
4
11
11
12
12
13
14
14
14
14
15
15
13
11
11
10
6
1
1
19
23
23
23
23
23
23
23
24
24
24
27
27
27
27
27
27
27
27
27
26
27
27
27
20
20
20
20
10
7
9
9
5
5
6
3
3
1
2
5
5
4
5
5
2
3
9
10
11
10
10
11
11
11
11
10
9
6
3
7
9
10
9
12
12
12
11
11
10
9
9
9
3
5
7
7
7
7
7
6
9
3
6
6
5
6
7
14
16
18
19
24
24
24
24
24
24
24
24
23
25
26
29
32
32
31
31
30
30
30
32
32
25
27
26
26
26
26
26
25
29
29
24
29
27
27
26
30
28
23
24
24
24
22
22
21
24
24
24
24
20
20
20
20
17
11
13
13
3
18
18
23
26
26
27
29
29
29
31
31
31
31
34
34
36
35
35
35
34
34
34
34
34
33
33
33
31
31
31
28
28
24
25
25
23
23
10
5
3
3
7
7
8
11
12
13
11
13
17
16
18
18
17
18
18
19
18
18
18
19
17
18
15
18
17
18
17
15
13
13
13
15
13
12
14
12
19
17
23
21
25
27
25
27
29
29
29
29
29
28
29
29
29
29
37
35
38
38
38
40
39
43
41
41
40
41
36
37
33
33
33
33
33
33
33
33
31
32
33
30
30
28
28
28
28
24
22
24
15
14
6
10
9
7
6
10
10
10
6
17
18
19
15
30
30
30
34
34
34
39
39
39
40
39
38
38
40
40
40
40
40
40
40
40
44
44
44
44
44
44
41
47
47
47
44
45
45
45
45
42
42
48
47
48
40
42
42
42
35
38
38
38
38
38
34
32
36
36
35
36
36
38
39
39
37
40
43
39
40
41
35
39
39
38
39
39
39
36
37
37
36
33
33
33
33
33
32
34
34
32
33
33
42
43
43
40
38
38
39
30
33
30
33
32
32
31
34
34
34
34
34
34
34
34
33
31
34
33
33
33
35
33
33
33
29
29
29
21
20
22
22
21
20
22
20
20
14
13
13
9
9
6
5
