1
1
1
1
1
1
1
1
2
2
2
2
3
3
2
1
1
1
1
2
2
2
1
1
2
2
2
2
3
3
2
8
8
8
8
8
8
8
8
8
1
1
3
3
3
3
8
8
8
8
8
8
8
8
8
1
1
1
2
1
1
1
3
3
3
3
2
3
5
4
4
4
2
1
3
2
3
1
1
1
1
1
1
1
1
1
2
2
2
1
1
1
1
1
1
1
1
1
1
2
2
2
41
41
41
41
41
41
41
41
41
41
41
41
41
41
41
41
41
41
41
41
41
41
41
41
41
41
41
41
41
41
41
41
42
42
42
42
42
43
43
43
43
43
11
8
3
4
3
5
5
6
7
6
6
5
5
3
3
3
2
1
5
6
6
6
6
5
5
3
3
3
5
2
4
2
4
2
4
2
2
3
3
3
3
1
1
1
2
1
1
1
3
3
3
3
1
1
1
1
1
1
1
1
2
2
2
1
2
1
1
1
1
1
2
2
2
1
1
1
1
2
2
2
1
1
5
7
7
7
7
8
7
7
3
2
3
4
3
2
1
3
4
5
4
4
3
3
3
4
4
2
1
1
3
3
3
3
1
2
1
2
2
2
1
1
2
2
2
3
3
3
4
2
2
1
3
3
3
3
6
8
8
8
10
10
10
9
9
6
6
1
2
1
1
1
3
3
4
4
2
3
3
3
3
1
1
1
2
1
5
6
6
6
6
6
5
1
1
2
2
2
1
1
1
1
1
3
2
2
2
2
2
1
1
2
2
2
1
1
1
2
2
1
6
6
6
6
7
7
7
3
1
1
3
3
3
3
2
2
2
3
3
4
4
2
1
1
1
1
1
1
1
2
3
2
2
1
1
2
2
2
1
1
1
2
1
2
2
2
2
3
3
3
1
1
2
1
3
3
3
4
1
1
1
4
4
4
4
4
2
2
2
3
4
4
4
3
4
6
6
6
6
5
6
2
6
5
6
6
6
6
4
1
1
1
2
1
1
4
3
4
4
2
3
3
3
3
4
4
4
4
4
8
8
9
9
9
9
9
9
11
9
4
4
2
1
1
3
3
3
3
1
1
2
2
2
2
2
2
1
1
3
6
6
6
5
5
5
1
1
1
1
1
1
1
1
